kMerStats: (1.2654930295104372, 2.9469801376343905)
graphSize: (5996057, 6005604, 6005604)
connectivity: 1.00159221302
selfLoop: (256, 189.5703125)
