kMerStats: (1.2079219236435386, 1.7154972195303246)
graphSize: (4296157, 4304914, 4304914)
connectivity: 1.00203833333
selfLoop: (73, 120.82191780821918)
