kMerStats: (1.1023361416774484, 0.44662810172092321)
graphSize: (2268067, 2273107)
connectivity: 1.00222215658
selfLoop: 174
